"","study","group","trial","condition","resp_RR","resp_DET","resp_NRLINE","resp_maxL","resp_L","resp_ENTR","resp_rENTR","resp_LAM","resp_TT","HR_RR","HR_DET","HR_NRLINE","HR_maxL","HR_L","HR_ENTR","HR_rENTR","HR_LAM","HR_TT"
"1","1","3","2","Turn",3.35486090557465,75.8181269793395,38021,31,3.17350937639725,1.46455358561758,0.434934635850948,86.0189513899362,3.86095442238267,0.472112049308329,91.6300768386389,3016,68,6.64257294429708,2.38388849662077,0.622646064164386,97.1139773143066,7.54816921436189
"2","1","3","3","Sync",5.49576572370206,89.9002499913711,37429,60,4.87119613134201,2.16745684032286,0.569385083691418,94.2842209588427,6.14918317468485,0.273264597155408,89.8807704066035,1359,57,6.49006622516556,2.36339557975058,0.620857663662526,96.2396820544176,8.12736660929432
"3","1","4","1","Sync",3.84257561804827,85.6659966361734,27212,31,3.83705718065559,1.81100516973063,0.532461061946836,89.9569266111499,4.18440636568332,0.208374932021656,87.8466812090994,1027,35,5.48977604673807,2.09854762015831,0.595102969622407,94.8737924587099,6.89580973952435
"4","1","4","3","Turn",3.53381428717723,86.1213020060885,27034,27,3.26492564918251,1.51317566819925,0.476132799812765,92.3210522207478,3.651371898275,0.11826496828785,79.6151533373422,658,35,4.02431610942249,1.7489257379208,0.593975881414228,90.4389657245941,3.94750656167979
"5","2","1","1","Conv",3.59084640838757,82.1075654813572,52010,28,3.21915016343011,1.51656449418905,0.471147250376192,91.5429619494588,3.98812118104517,1.01043138007387,94.3545801118752,5234,79,10.1194115399312,2.85420921928924,0.663142670355019,97.4560872198667,10.3786757730981
"6","2","1","2","Turn",3.59789028770549,87.1349351240499,52297,42,3.40417232346024,1.62427697658304,0.473000299611357,91.3598253659826,4.02388548762611,0.338028483386311,89.9728420043666,2489,48,6.78826838087585,2.39307082264792,0.636251927320449,93.3809042015017,6.73166986564299
"7","2","1","3","Sync",4.10052390613397,85.4248977909094,54377,40,3.65810912702061,1.74217941631739,0.517382346036519,89.5231387638712,4.22899803217495,0.382057327859548,88.7067137809187,2906,51,6.47900894700619,2.36188572925301,0.603750470274783,94.8032979976443,6.22201607915894
"8","2","5","1","Sync",5.55332401545498,89.3415695277718,64435,52,4.37253045704974,2.01088417480116,0.54149593401745,95.836451502429,6.19011142061281,4.355975547611,97.4623337768705,15902,100,14.831656395422,3.32241519406527,0.736537058905375,98.2631800788449,15.7906235473803
"9","2","5","2","Turn",3.59669282822144,82.6585718132635,50784,37,3.32439350976686,1.53797087501583,0.452185128480907,91.3995446644961,3.84057851749748,1.23034159795185,91.5099998536964,8512,64,7.34821428571429,2.45196281509697,0.598865771513434,93.0652075317113,7.46082570959418
"10","2","5","3","Conv",3.82343530346529,85.5836146664763,51772,48,3.58919879471529,1.67859594713193,0.449102279912816,91.776935441528,4.17829359837286,0.62092190928222,94.0368169299899,5102,36,6.35789886319091,2.18232142181612,0.613813720646496,95.6660385563125,6.85215946843854
"11","2","6","1","Turn",4.14234693958412,84.6606102086885,55104,37,3.61403890824623,1.70276699838644,0.475166178170121,91.3004663500984,4.66205743807932,0.360798920123288,97.4256635402115,1577,50,12.3830057070387,3.10129803958008,0.814702655650252,98.3586110556775,15.061115355233
"12","2","6","2","Conv",5.12817306952362,84.4646358507347,69272,41,3.55081418177619,1.69103291064186,0.475630762838295,89.4122171743706,4.2059184596498,0.181317477669222,96.9522485853271,766,45,12.7493472584856,3.24414298454603,0.873590959398055,97.5479003276085,17.1483420593368
"13","2","6","3","Sync",3.744508635708,84.9933455292773,41313,48,4.37462784111539,1.99752633337893,0.537898900976944,90.4984504253688,5.41658456948237,0.336318450587882,92.7692143010062,2238,28,7.74486148346738,2.62367584391762,0.796057557029031,98.3729394134018,15.736301369863
"14","2","7","1","Conv",4.59345458080201,86.0788658529105,59511,37,3.77299994958915,1.79782890373341,0.505668888851421,94.7467490645893,5.38032001741591,0.635034179955572,94.1381558434196,3900,65,8.51564102564103,2.72272073448438,0.662321643632312,97.383712690269,9.63973063973064
"15","2","7","2","Sync",4.20706258081751,81.9292943668221,58395,31,3.35189656648686,1.59036061565651,0.472296078501334,93.1487698090462,5.59267170968309,0.943164089887244,93.7897207855411,5309,70,9.25654548879262,2.72611702122169,0.646074663610056,98.0208790579613,9.10799787196311
"16","2","7","3","Turn",3.37835017906422,85.1125381816665,46553,55,3.50750757201469,1.62596177302775,0.409532046617964,96.9793480187234,7.73375732634992,0.452456678119086,90.0620623806493,3405,63,6.64845814977974,2.28807185294007,0.570971203834985,95.9341183959262,6.55271739130435
"17","2","8","1","Turn",4.25374589099702,83.6469239144384,57811,48,3.49509608897961,1.62915659294242,0.444692010209118,94.084625988897,4.62133474317784,2.10521237797341,97.5503189288096,8894,93,12.8276366089499,3.07638023961886,0.694314475024552,99.1509482360586,19.8190052982396
"18","2","8","2","Sync",4.0100100568987,72.4845860633421,50544,21,3.26564973092751,1.5480580116694,0.516754459447358,78.2861107695551,3.76955933350249,3.4813207717324,98.2952694632451,10791,114,17.617088314336,3.63732445702996,0.78316501259668,99.3169702641634,25.1482063367374
"19","2","8","3","Conv",4.06428314704327,74.6483938335687,57164,40,3.01390735427892,1.36459343896297,0.405249050829148,88.4470402689798,3.8856762158561,2.88806539309424,98.4530524478793,6835,135,23.1108997805413,3.85056279460521,0.797496394001235,99.1105986475116,29.0762479429512
"20","2","9","1","Sync",3.75725805727343,77.5846796304889,52445,25,3.15639241109734,1.47811469503301,0.478192945369318,94.8875859450795,5.11120929058319,0.382291332347754,88.7089179772107,3120,53,6.03846153846154,2.25035733705418,0.610038187760384,94.1943685846125,5.62728551336146
"21","2","9","2","Conv",3.54525489950233,73.7358685501977,50509,28,2.93904056702766,1.3214242999304,0.400937410938186,88.8274622002345,3.63862212094083,0.241618634245405,88.4303061908664,2067,42,5.7426221577165,2.2004848185433,0.60492995132487,93.1311927288982,5.32637409458884
"22","2","9","3","Turn",3.35116080489705,73.5557167029248,46853,32,2.98759951337161,1.34970638763128,0.43665087361219,90.0547550735147,3.95961276310621,0.264245068220408,88.8692098092643,1958,48,6.66292134831461,2.39688327981378,0.645438741125858,94.0803814713896,6.96118951612903
