"","study","group","trial","condition","resp_RR","resp_DET","resp_NRLINE","resp_maxL","resp_L","resp_ENTR","resp_rENTR","resp_LAM","resp_TT","HR_RR","HR_DET","HR_NRLINE","HR_maxL","HR_L","HR_ENTR","HR_rENTR","HR_LAM","HR_TT"
"1","1","3","2","Turn",4.11384906751799,9.51944165453912,8999,5,2.06434048227581,0.241209916774324,0.173996175371779,89.246110644229,4.09677267595032,0,NA,0,0,0,NA,NA,NA,NA
"2","1","3","3","Sync",4.91696883753663,10.8146686654028,9552,5,2.05433417085427,0.21157884553707,0.152621875606671,94.1316520435607,5.98856982574244,0,NA,0,0,0,NA,NA,NA,NA
"3","1","4","1","Sync",3.67097830017456,10.0367564967967,5688,4,2.05467651195499,0.214804107017837,0.195523124248184,89.6841345906116,4.2568889613566,0,NA,0,0,0,NA,NA,NA,NA
"4","1","4","3","Turn",3.54319292161358,9.30712339431686,4681,5,2.04315317239906,0.179555894070544,0.129522198968979,93.4021019852082,3.84273531649117,0,NA,0,0,0,NA,NA,NA,NA
"5","2","1","1","Conv",4.04591623172179,10.5407934538965,11779,5,2.05603192121572,0.218942293753182,0.157933480719285,92.0436987225523,4.11157988878952,0,NA,0,0,0,NA,NA,NA,NA
"6","2","1","2","Turn",3.46895207679096,8.01610225847881,7796,4,2.02552591072345,0.119455828303201,0.108733380770774,92.2894954591834,4.06515808774205,0,NA,0,0,0,NA,NA,NA,NA
"7","2","1","3","Sync",4.10656403264908,11.6081115270649,13128,5,2.06200487507617,0.235901306234519,0.170166822321884,90.8657412767636,4.39695385126162,0,NA,0,0,0,NA,NA,NA,NA
"8","2","5","1","Sync",6.4625303481138,17.715886393796,30660,5,2.12051532941944,0.382152285986386,0.27566460392847,95.632542842117,6.09801400448282,0.000648012428878386,NA,0,0,0,NA,NA,0,0
"9","2","5","2","Turn",4.13778602772577,10.2539877091739,11735,5,2.05317426501917,0.210234504157595,0.151652138285956,92.5110225899256,4.09994530262736,9.00017262331092e-05,NA,0,0,0,NA,NA,0,0
"10","2","5","3","Conv",3.66475431213085,8.74297246648407,8880,4,2.04898648648649,0.192162784165303,0.174914104045086,91.8778530584787,4.06555250792031,0,NA,0,0,0,NA,NA,NA,NA
"11","2","6","1","Turn",3.79983830775026,9.97122082111029,10484,5,2.05227012590614,0.207232776628691,0.149486849575931,90.8332985758709,4.38500604053873,0,NA,0,0,0,NA,NA,NA,NA
"12","2","6","2","Conv",4.93163122685535,13.7488752088898,18532,5,2.07770343190158,0.278464388108253,0.200869595893978,89.2095039492666,4.16659161788496,0,NA,0,0,0,NA,NA,NA,NA
"13","2","6","3","Sync",3.59778462951572,10.4367447028247,10322,5,2.06578182522767,0.242246643618481,0.174744015710189,89.436485289295,5.27832341556416,0,NA,0,0,0,NA,NA,NA,NA
"14","2","7","1","Conv",4.86356974294595,12.6635214546666,16698,6,2.09456222302072,0.321028724978901,0.199466361826521,94.4316712951732,5.42209101681878,1.80003452466218e-05,NA,0,0,0,NA,NA,0,0
"15","2","7","2","Sync",5.04172706059444,12.5478512350509,17101,5,2.10075434185135,0.335814143992518,0.242238700099189,94.0985805297865,5.76594469651571,0,NA,0,0,0,NA,NA,NA,NA
"16","2","7","3","Turn",4.69893667358787,10.4006925550334,13355,5,2.07809809060277,0.279479987832077,0.201602196236523,97.8593753513368,7.77924747519886,0,NA,0,0,0,NA,NA,NA,NA
"17","2","8","1","Turn",4.28461569210781,11.381776334717,13433,5,2.06156480309685,0.234821377631963,0.169387818502174,94.9393777485512,4.68753424379553,0,NA,0,0,0,NA,NA,NA,NA
"18","2","8","2","Sync",3.88522773478174,10.4586864886915,11231,5,2.05458107025198,0.21475112417656,0.154910190937427,79.0649503693967,3.7562661498708,0,NA,0,0,0,NA,NA,NA,NA
"19","2","8","3","Conv",3.90176324148056,11.2019280675546,12050,5,2.0597510373444,0.229388208115875,0.165468615143589,88.5295325609629,3.84238981390793,0,NA,0,0,0,NA,NA,NA,NA
"20","2","9","1","Sync",5.2738581035165,13.9629231416494,19891,5,2.10230757629078,0.34017556298259,0.245384798873297,96.3727853722712,5.8140888763547,0,NA,0,0,0,NA,NA,NA,NA
"21","2","9","2","Conv",4.27156690567136,11.5810346746699,13416,5,2.09391771019678,0.319760249741274,0.230658263287576,89.8152690574641,3.7268466249273,0,NA,0,0,0,NA,NA,NA,NA
"22","2","9","3","Turn",4.47376146149226,11.368189851644,13942,4,2.07151054368096,0.260741286592703,0.237336947057829,92.411759843496,4.42108732086699,0,NA,0,0,0,NA,NA,NA,NA
